{
 "cells": [
  {
   "cell_type": "markdown",
   "metadata": {
    "button": false,
    "new_sheet": false,
    "run_control": {
     "read_only": false
    }
   },
   "source": [
    "# F1 Probability"
   ]
  },
  {
   "cell_type": "code",
   "execution_count": 1,
   "metadata": {},
   "outputs": [],
   "source": [
    "class ProbDist(dict):\n",
    "    \"\"\"A Probability Distribution; an {outcome: probability} mapping.\"\"\"\n",
    "    def __init__(self, mapping=(), **kwargs):\n",
    "        self.update(mapping, **kwargs)\n",
    "        # Make probabilities sum to 1.0; assert no negative probabilities\n",
    "        total = sum(self.values())\n",
    "        for outcome in self:\n",
    "            self[outcome] = self[outcome] / total\n",
    "            assert self[outcome] >= 0"
   ]
  },
  {
   "cell_type": "code",
   "execution_count": 2,
   "metadata": {
    "button": false,
    "new_sheet": false,
    "run_control": {
     "read_only": false
    }
   },
   "outputs": [],
   "source": [
    "def p(event, space): \n",
    "    \"\"\"The probability of an event, given a sample space of equiprobable outcomes. \n",
    "    event: a collection of outcomes, or a predicate that is true of outcomes in the event. \n",
    "    space: a set of outcomes or a probability distribution of {outcome: frequency} pairs.\"\"\"\n",
    "    if is_predicate(event):\n",
    "        event = such_that(event, space)\n",
    "    if isinstance(space, ProbDist):\n",
    "        return sum(space[o] for o in space if o in event)\n",
    "    else:\n",
    "        return Fraction(len(event & space), len(space))\n",
    "\n",
    "is_predicate = callable\n",
    "\n",
    "def such_that(predicate, space): \n",
    "    \"\"\"The outcomes in the sample pace for which the predicate is true.\n",
    "    If space is a set, return a subset {outcome,...} with outcomes where predicate(element) is true;\n",
    "    if space is a ProbDist, return a ProbDist {outcome: frequency,...} with outcomes where predicate(element) is true.\"\"\"\n",
    "    if isinstance(space, ProbDist):\n",
    "        return ProbDist({o:space[o] for o in space if predicate(o)})\n",
    "    else:\n",
    "        return {o for o in space if predicate(o)}"
   ]
  },
  {
   "cell_type": "markdown",
   "metadata": {},
   "source": [
    "Question 1.1 (20 points) There are a number of F1 races coming up: \n",
    "- Singapore GP: Date: Sun, Sep 22, 8:10 AM\n",
    "- Russian GP: Date: Sun, Sep 29, 7:10 AM\n",
    "- Japanese GP: Date: Sun, Oct 13, 1:10 AM\n",
    "- Mexican GP Date: Sun, Oct 13, 1:10 AM\n",
    "\n",
    "We are just before the Singaporean Grand Prix (this coming weekend) and the Russian Grand Prix the weekend after, as you can see [schedule](https://www.formula1.com/en/racing/2019.html). \n",
    "\n",
    "The 2019 driver standings are given [here](https://www.formula1.com/en/results.html/2019/drivers.html). Assume these standings for this weekend, even though they are final season standings. Given these standings (please do not use team standings given on the same Web site, use ***driver standings***), what is the Probability Distribution for each F1 driver to win the Singaporean Grand Prix? What is the Probability Distribution for each F1 driver to win *both* the Singaporean and Russian Grand Prix? What is the probability for Mercedes to win both races? What is the probability for Mercedes to win at least one race? Note that Mercedes, and each other racing team, has two drivers per race. Assume that Singaporean grand prix standings are not going to change driver standings by much, so you can use same standings for both races.\n",
    "\n",
    "Question 1.2 (30 points) If Mercedes wins the first race, what is the probability that Mercedes wins the next one? If Mercedes wins at least one of these two races, what is the probability Mercedes wins both races? How about Ferrari, Red Bull, and Renault?\n",
    "\n",
    "Question 1.3 (50 points) Mercedes wins at least one of these two races on a **rainy** day. What is the probability Mercedes wins both races, assuming races can be held on either rainy, sunny, cloudy, snowy or foggy days? Assume that rain, sun, clouds, snow, and fog are the *only possible weather conditions* on race tracks.\n",
    "\n",
    "You need to provide *proof* for your answers. `I think it's one in a million because Mercedes sucks and I like Ferrari a lot more` is not a good answer. Leverage the counting framework in this workbook!"
   ]
  },
  {
   "cell_type": "markdown",
   "metadata": {},
   "source": [
    "Hint: Use SingaporeanGrandPrix, or `SGP` to denote the Probability Distribution given by F1 driver wins. Write driver initials as keys and driver wins as values in a dictionary that you pass to our function `ProbDist`.."
   ]
  },
  {
   "cell_type": "markdown",
   "metadata": {},
   "source": [
    "# And condition is used if I need both of them to be true\n",
    "# Or condition when any one of them is True"
   ]
  },
  {
   "cell_type": "markdown",
   "metadata": {},
   "source": [
    "### Each car has 2 racers and I have named the racers as their initials\n",
    "\n",
    "### First I am trying to get the probability distribution of all races of the Singaporean Grand Prix and the Russian Grand prix so that I can join these two and find the probability of each car winning in both the race and atleast one race."
   ]
  },
  {
   "cell_type": "markdown",
   "metadata": {},
   "source": [
    "## Probability Distribution for all racers for Singaporean Grand Prix"
   ]
  },
  {
   "cell_type": "code",
   "execution_count": 3,
   "metadata": {},
   "outputs": [
    {
     "data": {
      "text/plain": [
       "{'LH': 0.1931711880261927,\n",
       " 'VB': 0.15247895229186156,\n",
       " 'MV': 0.13002806361085126,\n",
       " 'CL': 0.1234798877455566,\n",
       " 'SV': 0.11225444340505145,\n",
       " 'CS': 0.04490177736202058,\n",
       " 'PG': 0.04443405051449953,\n",
       " 'AA': 0.04303086997193639,\n",
       " 'DR': 0.02432179607109448,\n",
       " 'SP': 0.02432179607109448,\n",
       " 'LN': 0.022918615528531337,\n",
       " 'KR': 0.020112254443405052,\n",
       " 'DK': 0.017305893358278764,\n",
       " 'NH': 0.017305893358278764,\n",
       " 'LS': 0.009822263797942002,\n",
       " 'KM': 0.009354536950420954,\n",
       " 'AG': 0.006548175865294668,\n",
       " 'RG': 0.0037418147801683817,\n",
       " 'RK': 0.0004677268475210477,\n",
       " 'GR': 0.0}"
      ]
     },
     "execution_count": 3,
     "metadata": {},
     "output_type": "execute_result"
    }
   ],
   "source": [
    "SGP = ProbDist(LH = 413, VB = 326, MV = 278, CL = 264, SV = 240, CS = 96, PG = 95, \n",
    "               AA = 92, DR = 52, SP = 52, LN = 49, KR = 43, DK = 37, NH = 37, \n",
    "               LS = 21, KM = 20, AG = 14, RG = 8, RK = 1, GR = 0)\n",
    "SGP"
   ]
  },
  {
   "cell_type": "markdown",
   "metadata": {},
   "source": [
    "## Probability Distribution for all racers for Russian Grand Prix"
   ]
  },
  {
   "cell_type": "code",
   "execution_count": 4,
   "metadata": {},
   "outputs": [
    {
     "data": {
      "text/plain": [
       "{'LH': 0.1931711880261927,\n",
       " 'VB': 0.15247895229186156,\n",
       " 'MV': 0.13002806361085126,\n",
       " 'CL': 0.1234798877455566,\n",
       " 'SV': 0.11225444340505145,\n",
       " 'CS': 0.04490177736202058,\n",
       " 'PG': 0.04443405051449953,\n",
       " 'AA': 0.04303086997193639,\n",
       " 'DR': 0.02432179607109448,\n",
       " 'SP': 0.02432179607109448,\n",
       " 'LN': 0.022918615528531337,\n",
       " 'KR': 0.020112254443405052,\n",
       " 'DK': 0.017305893358278764,\n",
       " 'NH': 0.017305893358278764,\n",
       " 'LS': 0.009822263797942002,\n",
       " 'KM': 0.009354536950420954,\n",
       " 'AG': 0.006548175865294668,\n",
       " 'RG': 0.0037418147801683817,\n",
       " 'RK': 0.0004677268475210477,\n",
       " 'GR': 0.0}"
      ]
     },
     "execution_count": 4,
     "metadata": {},
     "output_type": "execute_result"
    }
   ],
   "source": [
    "RGP = ProbDist(LH = 413, VB = 326, MV = 278, CL = 264, SV = 240, CS = 96, PG = 95, \n",
    "               AA = 92, DR = 52, SP = 52, LN = 49, KR = 43, DK = 37, NH = 37, \n",
    "               LS = 21, KM = 20, AG = 14, RG = 8, RK = 1, GR = 0)\n",
    "RGP"
   ]
  },
  {
   "cell_type": "markdown",
   "metadata": {},
   "source": [
    "## Combined Singaporean and Russian Grand Prix"
   ]
  },
  {
   "cell_type": "code",
   "execution_count": 5,
   "metadata": {},
   "outputs": [
    {
     "data": {
      "text/plain": [
       "{'LH LH': 0.03731510788345061,\n",
       " 'LH VB': 0.029454540363207993,\n",
       " 'LH MV': 0.025117675524453438,\n",
       " 'LH CL': 0.02385275661315003,\n",
       " 'LH SV': 0.021684324193772753,\n",
       " 'LH CS': 0.0086737296775091,\n",
       " 'LH PG': 0.008583378326701713,\n",
       " 'LH AA': 0.008312324274279555,\n",
       " 'LH DR': 0.004698270241984097,\n",
       " 'LH SP': 0.004698270241984097,\n",
       " 'LH LN': 0.004427216189561938,\n",
       " 'LH KR': 0.0038851080847176183,\n",
       " 'LH DK': 0.0033429999798732994,\n",
       " 'LH NH': 0.0033429999798732994,\n",
       " 'LH LS': 0.001897378366955116,\n",
       " 'LH KM': 0.0018070270161477293,\n",
       " 'LH AG': 0.0012649189113034106,\n",
       " 'LH RG': 0.0007228108064590917,\n",
       " 'LH RK': 9.035135080738647e-05,\n",
       " 'LH GR': 0.0,\n",
       " 'VB LH': 0.029454540363207993,\n",
       " 'VB VB': 0.023249830892023742,\n",
       " 'VB MV': 0.019826542907922084,\n",
       " 'VB CL': 0.018828083912559104,\n",
       " 'VB SV': 0.017116439920508274,\n",
       " 'VB CS': 0.00684657596820331,\n",
       " 'VB PG': 0.006775257468534526,\n",
       " 'VB AA': 0.0065613019695281724,\n",
       " 'VB DR': 0.003708561982776793,\n",
       " 'VB SP': 0.003708561982776793,\n",
       " 'VB LN': 0.0034946064837704394,\n",
       " 'VB KR': 0.0030666954857577326,\n",
       " 'VB DK': 0.0026387844877450253,\n",
       " 'VB NH': 0.0026387844877450253,\n",
       " 'VB LS': 0.0014976884930444742,\n",
       " 'VB KM': 0.0014263699933756895,\n",
       " 'VB AG': 0.0009984589953629828,\n",
       " 'VB RG': 0.0005705479973502759,\n",
       " 'VB RK': 7.131849966878448e-05,\n",
       " 'VB GR': 0.0,\n",
       " 'MV LH': 0.025117675524453438,\n",
       " 'MV VB': 0.019826542907922084,\n",
       " 'MV MV': 0.016907297326387544,\n",
       " 'MV CL': 0.016055850698439973,\n",
       " 'MV SV': 0.014596227907672699,\n",
       " 'MV CS': 0.005838491163069079,\n",
       " 'MV PG': 0.00577767354678711,\n",
       " 'MV AA': 0.005595220697941202,\n",
       " 'MV DR': 0.0031625160466624185,\n",
       " 'MV SP': 0.0031625160466624185,\n",
       " 'MV LN': 0.0029800631978165095,\n",
       " 'MV KR': 0.0026151575001246924,\n",
       " 'MV DK': 0.002250251802432874,\n",
       " 'MV NH': 0.002250251802432874,\n",
       " 'MV LS': 0.0012771699419213613,\n",
       " 'MV KM': 0.0012163523256393917,\n",
       " 'MV AG': 0.0008514466279475742,\n",
       " 'MV RG': 0.0004865409302557567,\n",
       " 'MV RK': 6.0817616281969586e-05,\n",
       " 'MV GR': 0.0,\n",
       " 'CL LH': 0.02385275661315003,\n",
       " 'CL VB': 0.018828083912559104,\n",
       " 'CL MV': 0.016055850698439973,\n",
       " 'CL CL': 0.015247282677655224,\n",
       " 'CL SV': 0.013861166070595657,\n",
       " 'CL CS': 0.005544466428238263,\n",
       " 'CL PG': 0.005486711569610781,\n",
       " 'CL AA': 0.005313446993728336,\n",
       " 'CL DR': 0.0030032526486290594,\n",
       " 'CL SP': 0.0030032526486290594,\n",
       " 'CL LN': 0.0028299880727466137,\n",
       " 'CL KR': 0.002483458920981722,\n",
       " 'CL DK': 0.0021369297692168305,\n",
       " 'CL NH': 0.0021369297692168305,\n",
       " 'CL LS': 0.0012128520311771203,\n",
       " 'CL KM': 0.001155097172549638,\n",
       " 'CL AG': 0.0008085680207847467,\n",
       " 'CL RG': 0.00046203886901985527,\n",
       " 'CL RK': 5.775485862748191e-05,\n",
       " 'CL GR': 0.0,\n",
       " 'SV LH': 0.021684324193772753,\n",
       " 'SV VB': 0.017116439920508274,\n",
       " 'SV MV': 0.014596227907672699,\n",
       " 'SV CL': 0.013861166070595657,\n",
       " 'SV SV': 0.01260106006417787,\n",
       " 'SV CS': 0.0050404240256711474,\n",
       " 'SV PG': 0.004987919608737073,\n",
       " 'SV AA': 0.004830406357934851,\n",
       " 'SV DR': 0.002730229680571872,\n",
       " 'SV SP': 0.002730229680571872,\n",
       " 'SV LN': 0.0025727164297696483,\n",
       " 'SV KR': 0.0022576899281652016,\n",
       " 'SV DK': 0.0019426634265607549,\n",
       " 'SV NH': 0.0019426634265607549,\n",
       " 'SV LS': 0.0011025927556155637,\n",
       " 'SV KM': 0.0010500883386814891,\n",
       " 'SV AG': 0.0007350618370770425,\n",
       " 'SV RG': 0.0004200353354725957,\n",
       " 'SV RK': 5.250441693407446e-05,\n",
       " 'SV GR': 0.0,\n",
       " 'CS LH': 0.0086737296775091,\n",
       " 'CS VB': 0.00684657596820331,\n",
       " 'CS MV': 0.005838491163069079,\n",
       " 'CS CL': 0.005544466428238263,\n",
       " 'CS SV': 0.0050404240256711474,\n",
       " 'CS CS': 0.0020161696102684594,\n",
       " 'CS PG': 0.0019951678434948295,\n",
       " 'CS AA': 0.0019321625431739401,\n",
       " 'CS DR': 0.0010920918722287488,\n",
       " 'CS SP': 0.0010920918722287488,\n",
       " 'CS LN': 0.0010290865719078592,\n",
       " 'CS KR': 0.0009030759712660807,\n",
       " 'CS DK': 0.0007770653706243019,\n",
       " 'CS NH': 0.0007770653706243019,\n",
       " 'CS LS': 0.00044103710224622546,\n",
       " 'CS KM': 0.0004200353354725957,\n",
       " 'CS AG': 0.000294024734830817,\n",
       " 'CS RG': 0.00016801413418903827,\n",
       " 'CS RK': 2.1001766773629783e-05,\n",
       " 'CS GR': 0.0,\n",
       " 'PG LH': 0.008583378326701713,\n",
       " 'PG VB': 0.006775257468534526,\n",
       " 'PG MV': 0.00577767354678711,\n",
       " 'PG CL': 0.005486711569610781,\n",
       " 'PG SV': 0.004987919608737073,\n",
       " 'PG CS': 0.0019951678434948295,\n",
       " 'PG PG': 0.0019743848451250915,\n",
       " 'PG AA': 0.0019120358500158783,\n",
       " 'PG DR': 0.001080715915226366,\n",
       " 'PG SP': 0.001080715915226366,\n",
       " 'PG LN': 0.0010183669201171525,\n",
       " 'PG KR': 0.0008936689298987258,\n",
       " 'PG DK': 0.0007689709396802987,\n",
       " 'PG NH': 0.0007689709396802987,\n",
       " 'PG LS': 0.0004364429657644939,\n",
       " 'PG KM': 0.0004156599673947561,\n",
       " 'PG AG': 0.0002909619771763293,\n",
       " 'PG RG': 0.00016626398695790244,\n",
       " 'PG RK': 2.0782998369737805e-05,\n",
       " 'PG GR': 0.0,\n",
       " 'AA LH': 0.008312324274279555,\n",
       " 'AA VB': 0.0065613019695281724,\n",
       " 'AA MV': 0.005595220697941202,\n",
       " 'AA CL': 0.005313446993728336,\n",
       " 'AA SV': 0.004830406357934851,\n",
       " 'AA CS': 0.0019321625431739401,\n",
       " 'AA PG': 0.0019120358500158783,\n",
       " 'AA AA': 0.001851655770541693,\n",
       " 'AA DR': 0.0010465880442192177,\n",
       " 'AA SP': 0.0010465880442192177,\n",
       " 'AA LN': 0.000986207964745032,\n",
       " 'AA KR': 0.0008654478057966607,\n",
       " 'AA DK': 0.0007446876468482895,\n",
       " 'AA NH': 0.0007446876468482895,\n",
       " 'AA LS': 0.0004226605563192995,\n",
       " 'AA KM': 0.0004025338631612376,\n",
       " 'AA AG': 0.00028177370421286627,\n",
       " 'AA RG': 0.00016101354526449504,\n",
       " 'AA RK': 2.012669315806188e-05,\n",
       " 'AA GR': 0.0,\n",
       " 'DR LH': 0.004698270241984097,\n",
       " 'DR VB': 0.003708561982776793,\n",
       " 'DR MV': 0.0031625160466624185,\n",
       " 'DR CL': 0.0030032526486290594,\n",
       " 'DR SV': 0.002730229680571872,\n",
       " 'DR CS': 0.0010920918722287488,\n",
       " 'DR PG': 0.001080715915226366,\n",
       " 'DR AA': 0.0010465880442192177,\n",
       " 'DR DR': 0.0005915497641239057,\n",
       " 'DR SP': 0.0005915497641239057,\n",
       " 'DR LN': 0.0005574218931167572,\n",
       " 'DR KR': 0.0004891661511024604,\n",
       " 'DR DK': 0.00042091040908816355,\n",
       " 'DR NH': 0.00042091040908816355,\n",
       " 'DR LS': 0.0002388950970500388,\n",
       " 'DR KM': 0.00022751914004765598,\n",
       " 'DR AG': 0.0001592633980333592,\n",
       " 'DR RG': 9.10076560190624e-05,\n",
       " 'DR RK': 1.13759570023828e-05,\n",
       " 'DR GR': 0.0,\n",
       " 'SP LH': 0.004698270241984097,\n",
       " 'SP VB': 0.003708561982776793,\n",
       " 'SP MV': 0.0031625160466624185,\n",
       " 'SP CL': 0.0030032526486290594,\n",
       " 'SP SV': 0.002730229680571872,\n",
       " 'SP CS': 0.0010920918722287488,\n",
       " 'SP PG': 0.001080715915226366,\n",
       " 'SP AA': 0.0010465880442192177,\n",
       " 'SP DR': 0.0005915497641239057,\n",
       " 'SP SP': 0.0005915497641239057,\n",
       " 'SP LN': 0.0005574218931167572,\n",
       " 'SP KR': 0.0004891661511024604,\n",
       " 'SP DK': 0.00042091040908816355,\n",
       " 'SP NH': 0.00042091040908816355,\n",
       " 'SP LS': 0.0002388950970500388,\n",
       " 'SP KM': 0.00022751914004765598,\n",
       " 'SP AG': 0.0001592633980333592,\n",
       " 'SP RG': 9.10076560190624e-05,\n",
       " 'SP RK': 1.13759570023828e-05,\n",
       " 'SP GR': 0.0,\n",
       " 'LN LH': 0.004427216189561938,\n",
       " 'LN VB': 0.0034946064837704394,\n",
       " 'LN MV': 0.0029800631978165095,\n",
       " 'LN CL': 0.0028299880727466137,\n",
       " 'LN SV': 0.0025727164297696483,\n",
       " 'LN CS': 0.0010290865719078592,\n",
       " 'LN PG': 0.0010183669201171525,\n",
       " 'LN AA': 0.000986207964745032,\n",
       " 'LN DR': 0.0005574218931167572,\n",
       " 'LN SP': 0.0005574218931167572,\n",
       " 'LN LN': 0.0005252629377446365,\n",
       " 'LN KR': 0.00046094502700039534,\n",
       " 'LN DK': 0.0003966271162561541,\n",
       " 'LN NH': 0.0003966271162561541,\n",
       " 'LN LS': 0.00022511268760484426,\n",
       " 'LN KM': 0.00021439303581413736,\n",
       " 'LN AG': 0.00015007512506989617,\n",
       " 'LN RG': 8.575721432565495e-05,\n",
       " 'LN RK': 1.0719651790706868e-05,\n",
       " 'LN GR': 0.0,\n",
       " 'KR LH': 0.0038851080847176183,\n",
       " 'KR VB': 0.0030666954857577326,\n",
       " 'KR MV': 0.0026151575001246924,\n",
       " 'KR CL': 0.002483458920981722,\n",
       " 'KR SV': 0.0022576899281652016,\n",
       " 'KR CS': 0.0009030759712660807,\n",
       " 'KR PG': 0.0008936689298987258,\n",
       " 'KR AA': 0.0008654478057966607,\n",
       " 'KR DR': 0.0004891661511024604,\n",
       " 'KR SP': 0.0004891661511024604,\n",
       " 'KR LN': 0.00046094502700039534,\n",
       " 'KR KR': 0.0004045027787962653,\n",
       " 'KR DK': 0.0003480605305921353,\n",
       " 'KR NH': 0.0003480605305921353,\n",
       " 'KR LS': 0.00019754786871445517,\n",
       " 'KR KM': 0.00018814082734710017,\n",
       " 'KR AG': 0.00013169857914297012,\n",
       " 'KR RG': 7.525633093884007e-05,\n",
       " 'KR RK': 9.407041367355008e-06,\n",
       " 'KR GR': 0.0,\n",
       " 'DK LH': 0.0033429999798732994,\n",
       " 'DK VB': 0.0026387844877450253,\n",
       " 'DK MV': 0.002250251802432874,\n",
       " 'DK CL': 0.0021369297692168305,\n",
       " 'DK SV': 0.0019426634265607549,\n",
       " 'DK CS': 0.0007770653706243019,\n",
       " 'DK PG': 0.0007689709396802987,\n",
       " 'DK AA': 0.0007446876468482895,\n",
       " 'DK DR': 0.00042091040908816355,\n",
       " 'DK SP': 0.00042091040908816355,\n",
       " 'DK LN': 0.0003966271162561541,\n",
       " 'DK KR': 0.0003480605305921353,\n",
       " 'DK DK': 0.00029949394492811634,\n",
       " 'DK NH': 0.00029949394492811634,\n",
       " 'DK LS': 0.00016998304982406606,\n",
       " 'DK KM': 0.00016188861888006293,\n",
       " 'DK AG': 0.00011332203321604403,\n",
       " 'DK RG': 6.475544755202516e-05,\n",
       " 'DK RK': 8.094430944003145e-06,\n",
       " 'DK GR': 0.0,\n",
       " 'NH LH': 0.0033429999798732994,\n",
       " 'NH VB': 0.0026387844877450253,\n",
       " 'NH MV': 0.002250251802432874,\n",
       " 'NH CL': 0.0021369297692168305,\n",
       " 'NH SV': 0.0019426634265607549,\n",
       " 'NH CS': 0.0007770653706243019,\n",
       " 'NH PG': 0.0007689709396802987,\n",
       " 'NH AA': 0.0007446876468482895,\n",
       " 'NH DR': 0.00042091040908816355,\n",
       " 'NH SP': 0.00042091040908816355,\n",
       " 'NH LN': 0.0003966271162561541,\n",
       " 'NH KR': 0.0003480605305921353,\n",
       " 'NH DK': 0.00029949394492811634,\n",
       " 'NH NH': 0.00029949394492811634,\n",
       " 'NH LS': 0.00016998304982406606,\n",
       " 'NH KM': 0.00016188861888006293,\n",
       " 'NH AG': 0.00011332203321604403,\n",
       " 'NH RG': 6.475544755202516e-05,\n",
       " 'NH RK': 8.094430944003145e-06,\n",
       " 'NH GR': 0.0,\n",
       " 'LS LH': 0.001897378366955116,\n",
       " 'LS VB': 0.0014976884930444742,\n",
       " 'LS MV': 0.0012771699419213613,\n",
       " 'LS CL': 0.0012128520311771203,\n",
       " 'LS SV': 0.0011025927556155637,\n",
       " 'LS CS': 0.00044103710224622546,\n",
       " 'LS PG': 0.0004364429657644939,\n",
       " 'LS AA': 0.0004226605563192995,\n",
       " 'LS DR': 0.0002388950970500388,\n",
       " 'LS SP': 0.0002388950970500388,\n",
       " 'LS LN': 0.00022511268760484426,\n",
       " 'LS KR': 0.00019754786871445517,\n",
       " 'LS DK': 0.00016998304982406606,\n",
       " 'LS NH': 0.00016998304982406606,\n",
       " 'LS LS': 9.647686611636182e-05,\n",
       " 'LS KM': 9.18827296346303e-05,\n",
       " 'LS AG': 6.431791074424121e-05,\n",
       " 'LS RG': 3.6753091853852126e-05,\n",
       " 'LS RK': 4.594136481731516e-06,\n",
       " 'LS GR': 0.0,\n",
       " 'KM LH': 0.0018070270161477293,\n",
       " 'KM VB': 0.0014263699933756895,\n",
       " 'KM MV': 0.0012163523256393917,\n",
       " 'KM CL': 0.001155097172549638,\n",
       " 'KM SV': 0.0010500883386814891,\n",
       " 'KM CS': 0.0004200353354725957,\n",
       " 'KM PG': 0.0004156599673947561,\n",
       " 'KM AA': 0.0004025338631612376,\n",
       " 'KM DR': 0.00022751914004765598,\n",
       " 'KM SP': 0.00022751914004765598,\n",
       " 'KM LN': 0.00021439303581413736,\n",
       " 'KM KR': 0.00018814082734710017,\n",
       " 'KM DK': 0.00016188861888006293,\n",
       " 'KM NH': 0.00016188861888006293,\n",
       " 'KM LS': 9.18827296346303e-05,\n",
       " 'KM KM': 8.750736155679077e-05,\n",
       " 'KM AG': 6.125515308975354e-05,\n",
       " 'KM RG': 3.500294462271631e-05,\n",
       " 'KM RK': 4.375368077839539e-06,\n",
       " 'KM GR': 0.0,\n",
       " 'AG LH': 0.0012649189113034106,\n",
       " 'AG VB': 0.0009984589953629828,\n",
       " 'AG MV': 0.0008514466279475742,\n",
       " 'AG CL': 0.0008085680207847467,\n",
       " 'AG SV': 0.0007350618370770425,\n",
       " 'AG CS': 0.000294024734830817,\n",
       " 'AG PG': 0.0002909619771763293,\n",
       " 'AG AA': 0.00028177370421286627,\n",
       " 'AG DR': 0.0001592633980333592,\n",
       " 'AG SP': 0.0001592633980333592,\n",
       " 'AG LN': 0.00015007512506989617,\n",
       " 'AG KR': 0.00013169857914297012,\n",
       " 'AG DK': 0.00011332203321604403,\n",
       " 'AG NH': 0.00011332203321604403,\n",
       " 'AG LS': 6.431791074424121e-05,\n",
       " 'AG KM': 6.125515308975354e-05,\n",
       " 'AG AG': 4.287860716282748e-05,\n",
       " 'AG RG': 2.4502061235901417e-05,\n",
       " 'AG RK': 3.062757654487677e-06,\n",
       " 'AG GR': 0.0,\n",
       " 'RG LH': 0.0007228108064590917,\n",
       " 'RG VB': 0.0005705479973502759,\n",
       " 'RG MV': 0.0004865409302557567,\n",
       " 'RG CL': 0.00046203886901985527,\n",
       " 'RG SV': 0.0004200353354725957,\n",
       " 'RG CS': 0.00016801413418903827,\n",
       " 'RG PG': 0.00016626398695790244,\n",
       " 'RG AA': 0.00016101354526449504,\n",
       " 'RG DR': 9.10076560190624e-05,\n",
       " 'RG SP': 9.10076560190624e-05,\n",
       " 'RG LN': 8.575721432565495e-05,\n",
       " 'RG KR': 7.525633093884007e-05,\n",
       " 'RG DK': 6.475544755202516e-05,\n",
       " 'RG NH': 6.475544755202516e-05,\n",
       " 'RG LS': 3.6753091853852126e-05,\n",
       " 'RG KM': 3.500294462271631e-05,\n",
       " 'RG AG': 2.4502061235901417e-05,\n",
       " 'RG RG': 1.4001177849086524e-05,\n",
       " 'RG RK': 1.7501472311358155e-06,\n",
       " 'RG GR': 0.0,\n",
       " 'RK LH': 9.035135080738647e-05,\n",
       " 'RK VB': 7.131849966878448e-05,\n",
       " 'RK MV': 6.0817616281969586e-05,\n",
       " 'RK CL': 5.775485862748191e-05,\n",
       " 'RK SV': 5.250441693407446e-05,\n",
       " 'RK CS': 2.1001766773629783e-05,\n",
       " 'RK PG': 2.0782998369737805e-05,\n",
       " 'RK AA': 2.012669315806188e-05,\n",
       " 'RK DR': 1.13759570023828e-05,\n",
       " 'RK SP': 1.13759570023828e-05,\n",
       " 'RK LN': 1.0719651790706868e-05,\n",
       " 'RK KR': 9.407041367355008e-06,\n",
       " 'RK DK': 8.094430944003145e-06,\n",
       " 'RK NH': 8.094430944003145e-06,\n",
       " 'RK LS': 4.594136481731516e-06,\n",
       " 'RK KM': 4.375368077839539e-06,\n",
       " 'RK AG': 3.062757654487677e-06,\n",
       " 'RK RG': 1.7501472311358155e-06,\n",
       " 'RK RK': 2.1876840389197694e-07,\n",
       " 'RK GR': 0.0,\n",
       " 'GR LH': 0.0,\n",
       " 'GR VB': 0.0,\n",
       " 'GR MV': 0.0,\n",
       " 'GR CL': 0.0,\n",
       " 'GR SV': 0.0,\n",
       " 'GR CS': 0.0,\n",
       " 'GR PG': 0.0,\n",
       " 'GR AA': 0.0,\n",
       " 'GR DR': 0.0,\n",
       " 'GR SP': 0.0,\n",
       " 'GR LN': 0.0,\n",
       " 'GR KR': 0.0,\n",
       " 'GR DK': 0.0,\n",
       " 'GR NH': 0.0,\n",
       " 'GR LS': 0.0,\n",
       " 'GR KM': 0.0,\n",
       " 'GR AG': 0.0,\n",
       " 'GR RG': 0.0,\n",
       " 'GR RK': 0.0,\n",
       " 'GR GR': 0.0}"
      ]
     },
     "execution_count": 5,
     "metadata": {},
     "output_type": "execute_result"
    }
   ],
   "source": [
    "def joint(A, B, sep=' '):\n",
    "    \"\"\"The joint distribution of two independent probability distributions. \n",
    "    Result is all entries of the form {a+sep+b: P(a)*P(b)}\"\"\"\n",
    "    return ProbDist({a + sep + b: A[a] * B[b]\n",
    "                    for a in A\n",
    "                    for b in B})\n",
    "\n",
    "F = joint(SGP, RGP, ' ')\n",
    "F"
   ]
  },
  {
   "cell_type": "markdown",
   "metadata": {},
   "source": [
    "#### Probability for Mercedes to win at both race"
   ]
  },
  {
   "cell_type": "markdown",
   "metadata": {},
   "source": [
    "#### Now, if I need probability of Mercedes winning both races, I need both the racers to win on both days so, the logic is applied below"
   ]
  },
  {
   "cell_type": "code",
   "execution_count": 6,
   "metadata": {},
   "outputs": [],
   "source": [
    "def mercedeswinfirst(outcome) : \n",
    "    return (outcome.startswith('LH') or outcome.startswith('VB')) and (outcome.endswith('LH') or outcome.endswith('VB'))"
   ]
  },
  {
   "cell_type": "code",
   "execution_count": 7,
   "metadata": {},
   "outputs": [
    {
     "data": {
      "text/plain": [
       "0.11947401950189034"
      ]
     },
     "execution_count": 7,
     "metadata": {},
     "output_type": "execute_result"
    }
   ],
   "source": [
    "MercedesWinsBoth = p(mercedeswinfirst,F)\n",
    "MercedesWinsBoth"
   ]
  },
  {
   "cell_type": "markdown",
   "metadata": {},
   "source": [
    "#### Probability for Mercedes to atleast a race"
   ]
  },
  {
   "cell_type": "markdown",
   "metadata": {},
   "source": [
    "#### If I need probability of Mercedes winning atleast one race, I need any one racer winning any day so, the logic is applied below"
   ]
  },
  {
   "cell_type": "code",
   "execution_count": 8,
   "metadata": {},
   "outputs": [],
   "source": [
    "def mercedeswinatleastone(outcome) : \n",
    "    return (outcome.startswith('LH') or outcome.startswith('VB')) or (outcome.endswith('LH') or outcome.endswith('VB'))"
   ]
  },
  {
   "cell_type": "code",
   "execution_count": 9,
   "metadata": {},
   "outputs": [
    {
     "data": {
      "text/plain": [
       "0.5718262611342168"
      ]
     },
     "execution_count": 9,
     "metadata": {},
     "output_type": "execute_result"
    }
   ],
   "source": [
    "MercedesWinsAtLeastOne = p(mercedeswinatleastone, F)\n",
    "MercedesWinsAtLeastOne"
   ]
  },
  {
   "cell_type": "markdown",
   "metadata": {},
   "source": [
    "#### Now, I need to figure out the probability of cars winning the second one based on the condition that it has already won the first one.\n",
    "#### So, first I am getting the probability of car winning on first day, and later based on first win, getting the probability of second win"
   ]
  },
  {
   "cell_type": "markdown",
   "metadata": {},
   "source": [
    "#### Condition if Mercedes wins the first Probability for winning the second one"
   ]
  },
  {
   "cell_type": "code",
   "execution_count": 10,
   "metadata": {},
   "outputs": [
    {
     "data": {
      "text/plain": [
       "0.3456501403180543"
      ]
     },
     "execution_count": 10,
     "metadata": {},
     "output_type": "execute_result"
    }
   ],
   "source": [
    "def mercedeswinfirst(outcome):\n",
    "    return (outcome.startswith('LH') or outcome.startswith('VB'))\n",
    "def mercedeswinsecond(outcome):\n",
    "    return (outcome.endswith('LH') or outcome.endswith('VB'))\n",
    "MercdesWinSecond = p(mercedeswinsecond, such_that(mercedeswinfirst,F))\n",
    "MercdesWinSecond"
   ]
  },
  {
   "cell_type": "markdown",
   "metadata": {},
   "source": [
    "#### Condition if Ferrari wins the first Probability for winning the second one"
   ]
  },
  {
   "cell_type": "code",
   "execution_count": 11,
   "metadata": {},
   "outputs": [
    {
     "data": {
      "text/plain": [
       "0.23573433115060805"
      ]
     },
     "execution_count": 11,
     "metadata": {},
     "output_type": "execute_result"
    }
   ],
   "source": [
    "def ferrariwinfirst(outcome):\n",
    "    return (outcome.startswith('CL') or outcome.startswith('SV'))\n",
    "def ferrariwinsecond(outcome):\n",
    "    return (outcome.endswith('CL') or outcome.endswith('SV'))\n",
    "FerrariWinSecond = p(ferrariwinsecond, such_that(ferrariwinfirst,F))\n",
    "FerrariWinSecond"
   ]
  },
  {
   "cell_type": "markdown",
   "metadata": {},
   "source": [
    "#### Condition if Redbull wins the first Probability for winning the second one"
   ]
  },
  {
   "cell_type": "code",
   "execution_count": 12,
   "metadata": {},
   "outputs": [
    {
     "data": {
      "text/plain": [
       "0.17305893358278765"
      ]
     },
     "execution_count": 12,
     "metadata": {},
     "output_type": "execute_result"
    }
   ],
   "source": [
    "def redbullwinfirst(outcome):\n",
    "    return (outcome.startswith('MV') or outcome.startswith('AA'))\n",
    "def redbullwinsecond(outcome):\n",
    "    return (outcome.endswith('MV') or outcome.endswith('AA'))\n",
    "RedBullWinSecond = p(redbullwinsecond, such_that(redbullwinfirst,F))\n",
    "RedBullWinSecond"
   ]
  },
  {
   "cell_type": "markdown",
   "metadata": {},
   "source": [
    "#### Condition if Renault wins the first Probability for winning the second one"
   ]
  },
  {
   "cell_type": "code",
   "execution_count": 13,
   "metadata": {},
   "outputs": [
    {
     "data": {
      "text/plain": [
       "0.041627689429373234"
      ]
     },
     "execution_count": 13,
     "metadata": {},
     "output_type": "execute_result"
    }
   ],
   "source": [
    "def renaultwinfirst(outcome):\n",
    "    return (outcome.startswith('NH') or outcome.startswith('DR'))\n",
    "def renaultwinsecond(outcome):\n",
    "    return (outcome.endswith('NH') or outcome.endswith('DR'))\n",
    "RenaultWinSecond = p(renaultwinsecond, such_that(renaultwinfirst,F))\n",
    "RenaultWinSecond"
   ]
  },
  {
   "cell_type": "markdown",
   "metadata": {},
   "source": [
    "#### Condition if Alfa Romeo wins the first Probability for winning the second one"
   ]
  },
  {
   "cell_type": "code",
   "execution_count": 14,
   "metadata": {},
   "outputs": [
    {
     "data": {
      "text/plain": [
       "0.02666043030869972"
      ]
     },
     "execution_count": 14,
     "metadata": {},
     "output_type": "execute_result"
    }
   ],
   "source": [
    "def renaultwinfirst(outcome):\n",
    "    return (outcome.startswith('AG') or outcome.startswith('KR'))\n",
    "def renaultwinsecond(outcome):\n",
    "    return (outcome.endswith('AG') or outcome.endswith('KR'))\n",
    "RenaultWinSecond = p(renaultwinsecond, such_that(renaultwinfirst,F))\n",
    "RenaultWinSecond"
   ]
  },
  {
   "cell_type": "markdown",
   "metadata": {},
   "source": [
    "#### Condition if McLaren wins the first Probability for winning the second one"
   ]
  },
  {
   "cell_type": "code",
   "execution_count": 15,
   "metadata": {},
   "outputs": [
    {
     "data": {
      "text/plain": [
       "0.0678203928905519"
      ]
     },
     "execution_count": 15,
     "metadata": {},
     "output_type": "execute_result"
    }
   ],
   "source": [
    "def renaultwinfirst(outcome):\n",
    "    return (outcome.startswith('CS') or outcome.startswith('LN'))\n",
    "def renaultwinsecond(outcome):\n",
    "    return (outcome.endswith('CS') or outcome.endswith('LN'))\n",
    "RenaultWinSecond = p(renaultwinsecond, such_that(renaultwinfirst,F))\n",
    "RenaultWinSecond"
   ]
  },
  {
   "cell_type": "markdown",
   "metadata": {},
   "source": [
    "#### Now I need to find the probability of winning a race based on weather conditions. So, I've taken all weather conditions equiprobable."
   ]
  },
  {
   "cell_type": "markdown",
   "metadata": {},
   "source": [
    "#### Probability of rainy, sunny, cloudy, snowy, and foggy weather conditions on race tracks"
   ]
  },
  {
   "cell_type": "code",
   "execution_count": 16,
   "metadata": {},
   "outputs": [
    {
     "data": {
      "text/plain": [
       "{'rainy': 0.2, 'cloudy': 0.2, 'foggy': 0.2, 'sunny': 0.2, 'snowy': 0.2}"
      ]
     },
     "execution_count": 16,
     "metadata": {},
     "output_type": "execute_result"
    }
   ],
   "source": [
    "weather = ProbDist(rainy = 1, cloudy = 1, foggy = 1, sunny = 1, snowy = 1)\n",
    "weather"
   ]
  },
  {
   "cell_type": "markdown",
   "metadata": {},
   "source": [
    "#### Now, I joined 1st day with all weather conditions and seond day with all weather conditions and joined them both to find the probability of winning a race on both days on these weather conditions"
   ]
  },
  {
   "cell_type": "markdown",
   "metadata": {},
   "source": [
    "#### Probability of each winning the 1st day in all weather conditions"
   ]
  },
  {
   "cell_type": "code",
   "execution_count": 17,
   "metadata": {},
   "outputs": [
    {
     "data": {
      "text/plain": [
       "{'LH rainy': 0.0386342376052385,\n",
       " 'LH cloudy': 0.0386342376052385,\n",
       " 'LH foggy': 0.0386342376052385,\n",
       " 'LH sunny': 0.0386342376052385,\n",
       " 'LH snowy': 0.0386342376052385,\n",
       " 'VB rainy': 0.03049579045837228,\n",
       " 'VB cloudy': 0.03049579045837228,\n",
       " 'VB foggy': 0.03049579045837228,\n",
       " 'VB sunny': 0.03049579045837228,\n",
       " 'VB snowy': 0.03049579045837228,\n",
       " 'MV rainy': 0.026005612722170224,\n",
       " 'MV cloudy': 0.026005612722170224,\n",
       " 'MV foggy': 0.026005612722170224,\n",
       " 'MV sunny': 0.026005612722170224,\n",
       " 'MV snowy': 0.026005612722170224,\n",
       " 'CL rainy': 0.024695977549111292,\n",
       " 'CL cloudy': 0.024695977549111292,\n",
       " 'CL foggy': 0.024695977549111292,\n",
       " 'CL sunny': 0.024695977549111292,\n",
       " 'CL snowy': 0.024695977549111292,\n",
       " 'SV rainy': 0.022450888681010268,\n",
       " 'SV cloudy': 0.022450888681010268,\n",
       " 'SV foggy': 0.022450888681010268,\n",
       " 'SV sunny': 0.022450888681010268,\n",
       " 'SV snowy': 0.022450888681010268,\n",
       " 'CS rainy': 0.008980355472404106,\n",
       " 'CS cloudy': 0.008980355472404106,\n",
       " 'CS foggy': 0.008980355472404106,\n",
       " 'CS sunny': 0.008980355472404106,\n",
       " 'CS snowy': 0.008980355472404106,\n",
       " 'PG rainy': 0.008886810102899895,\n",
       " 'PG cloudy': 0.008886810102899895,\n",
       " 'PG foggy': 0.008886810102899895,\n",
       " 'PG sunny': 0.008886810102899895,\n",
       " 'PG snowy': 0.008886810102899895,\n",
       " 'AA rainy': 0.008606173994387269,\n",
       " 'AA cloudy': 0.008606173994387269,\n",
       " 'AA foggy': 0.008606173994387269,\n",
       " 'AA sunny': 0.008606173994387269,\n",
       " 'AA snowy': 0.008606173994387269,\n",
       " 'DR rainy': 0.004864359214218891,\n",
       " 'DR cloudy': 0.004864359214218891,\n",
       " 'DR foggy': 0.004864359214218891,\n",
       " 'DR sunny': 0.004864359214218891,\n",
       " 'DR snowy': 0.004864359214218891,\n",
       " 'SP rainy': 0.004864359214218891,\n",
       " 'SP cloudy': 0.004864359214218891,\n",
       " 'SP foggy': 0.004864359214218891,\n",
       " 'SP sunny': 0.004864359214218891,\n",
       " 'SP snowy': 0.004864359214218891,\n",
       " 'LN rainy': 0.004583723105706262,\n",
       " 'LN cloudy': 0.004583723105706262,\n",
       " 'LN foggy': 0.004583723105706262,\n",
       " 'LN sunny': 0.004583723105706262,\n",
       " 'LN snowy': 0.004583723105706262,\n",
       " 'KR rainy': 0.004022450888681006,\n",
       " 'KR cloudy': 0.004022450888681006,\n",
       " 'KR foggy': 0.004022450888681006,\n",
       " 'KR sunny': 0.004022450888681006,\n",
       " 'KR snowy': 0.004022450888681006,\n",
       " 'DK rainy': 0.003461178671655749,\n",
       " 'DK cloudy': 0.003461178671655749,\n",
       " 'DK foggy': 0.003461178671655749,\n",
       " 'DK sunny': 0.003461178671655749,\n",
       " 'DK snowy': 0.003461178671655749,\n",
       " 'NH rainy': 0.003461178671655749,\n",
       " 'NH cloudy': 0.003461178671655749,\n",
       " 'NH foggy': 0.003461178671655749,\n",
       " 'NH sunny': 0.003461178671655749,\n",
       " 'NH snowy': 0.003461178671655749,\n",
       " 'LS rainy': 0.0019644527595883985,\n",
       " 'LS cloudy': 0.0019644527595883985,\n",
       " 'LS foggy': 0.0019644527595883985,\n",
       " 'LS sunny': 0.0019644527595883985,\n",
       " 'LS snowy': 0.0019644527595883985,\n",
       " 'KM rainy': 0.0018709073900841887,\n",
       " 'KM cloudy': 0.0018709073900841887,\n",
       " 'KM foggy': 0.0018709073900841887,\n",
       " 'KM sunny': 0.0018709073900841887,\n",
       " 'KM snowy': 0.0018709073900841887,\n",
       " 'AG rainy': 0.0013096351730589322,\n",
       " 'AG cloudy': 0.0013096351730589322,\n",
       " 'AG foggy': 0.0013096351730589322,\n",
       " 'AG sunny': 0.0013096351730589322,\n",
       " 'AG snowy': 0.0013096351730589322,\n",
       " 'RG rainy': 0.0007483629560336755,\n",
       " 'RG cloudy': 0.0007483629560336755,\n",
       " 'RG foggy': 0.0007483629560336755,\n",
       " 'RG sunny': 0.0007483629560336755,\n",
       " 'RG snowy': 0.0007483629560336755,\n",
       " 'RK rainy': 9.354536950420944e-05,\n",
       " 'RK cloudy': 9.354536950420944e-05,\n",
       " 'RK foggy': 9.354536950420944e-05,\n",
       " 'RK sunny': 9.354536950420944e-05,\n",
       " 'RK snowy': 9.354536950420944e-05,\n",
       " 'GR rainy': 0.0,\n",
       " 'GR cloudy': 0.0,\n",
       " 'GR foggy': 0.0,\n",
       " 'GR sunny': 0.0,\n",
       " 'GR snowy': 0.0}"
      ]
     },
     "execution_count": 17,
     "metadata": {},
     "output_type": "execute_result"
    }
   ],
   "source": [
    "def joint(A, B, sep=' '):\n",
    "    \"\"\"The joint distribution of two independent probability distributions. \n",
    "    Result is all entries of the form {a+sep+b: P(a)*P(b)}\"\"\"\n",
